2,5227931798955696 36,63169141111191
20,163061571435726 37,22062228461833
22,90783684983415 39,173315522418775
20,560706062031986 38,023813616521345
2,4717694271390314 34,70190773427765
20,980222736953877 36,340946333918964
20,665561377264588 37,00316382567903
2,2222315648060964 35,95699698585562
24,102199194935352 38,25499299515078
5,256983155751625 33,97168269022771
22,72005729975925 37,10089027580293
2,8704021843149112 32,07818548455932
22,130723170185146 40,16617752313081
3,2120679079507215 36,40576402895381
20,777841754627378 37,505313139403
24,063246620897928 38,996089147319076
4,630186229978371 33,854205163542474
2,7244463716425193 34,96534261905446
20,69811141839434 38,506641159965234
1,2247364566227115 34,69321579570242
19,46501164498813 39,56100057621146
24,197920351612783 40,215971984578154
2,3615293987391555 36,05220319979039
2,4450509091466324 32,58557346241261
20,392255386005637 37,851906781279695
2,892238614523151 31,263797679652907
5,12411521087108 35,783486383965574
3,6543245553839823 34,507954962445105
4,723888811157943 36,09192986697613
19,869788877967924 38,35137051869165
22,209491811538015 39,87404090248884
21,186326675423082 40,48271859606161
23,58272782355823 40,98917122349989
22,827551989520913 41,47929086914497
2,4915737606379285 36,47517733539913
3,4080213034573976 33,43771060252487
4,833441046876461 35,183047659346975
3,72435428204387 33,873655446595876
21,535893266086767 39,63803842132915
22,144159911982324 39,677879542086266
1,5047266699093473 32,707762251609786
21,088281255082183 36,75536907429101
21,633912241167653 38,13072575942672
22,39758893538516 41,567221637713835
19,802898823034976 37,4578717695469
21,640936947520483 39,11745499209918
21,350992061615727 38,19244713694199
23,76885259121066 38,71795287968015
3,016027194621609 36,155372329144186
3,180058278218478 34,78099719634066
2,45204779094973 35,83775383014926
4,040869530721947 34,60453803985377
3,5722168707996422 33,888196485959476
1,6282954818372704 35,38747251424657
1,956242771811325 31,472628613144586
2,2411204074978817 33,32510171761262
22,50090962307816 41,12960773836068
1,3694669495790834 33,953849541481105
24,393733441098632 38,45181236112014
20,252268854157915 38,503253509888616
22,282324729671075 39,844460588467086
22,89869485084409 39,49302412091332
2,7688741826005203 33,55877315942014
22,325260923201505 37,95197584417787
1,4837722514244136 33,306031211766225
2,404028953622533 31,61260600987005
1,7103612253744267 32,54460053573461
1,2924837711516508 33,64462743105534
20,88464761815435 38,272682905480046
3,842100759585154 34,23449370937586
20,089122617332357 38,69515504103141
21,756458404065572 37,098025137357325
21,85374466295267 38,38970558556902
2,589439437346782 35,12939836446733
4,33052076166206 33,452800821985356
2,3027596456344894 35,10411253668173
3,0959709632653154 31,717684058762934
1,736097068393616 32,241849037675664
1,7877938457583178 33,02899594600382
22,841117811235655 38,351676096965896
22,84714680639004 39,74035809701574
20,549062737832173 36,86318159552092
5,105573497607092 35,720840230513886
21,645084582673622 39,98974475685204
22,98842898140168 38,32899630802809
2,818078588528582 31,257511409633334
23,35943948261868 37,825467673630165
0,6338582365980083 32,56208065357094
23,936564349819786 40,17645430460705
22,42579986064415 40,26635590292477
22,3077624809767 39,98709998774191
3,8298358480335413 31,809048719401645
5,428960413947406 35,31703564060258
5,835828285257855 34,63225762835992
5,474495068991931 34,68739173612316
4,675229104677856 35,68948707118085
20,80134345400922 39,62638433949063
23,482905613258048 38,8717414205571
1,6329524292457773 31,80703084458182
2,9417748549039255 33,35147743629069
2,8496282742166494 33,29551406130608
19,8556088815934 37,48076391001565
1,5756844053317907 34,43189699253937
24,075274048808016 38,125825985203186
23,952899221180903 40,035965225667034
3,8519583935141593 32,89303038574091
19,534683963657596 38,96928425269273
4,458712612084032 33,240313376251834
23,17287872151523 38,8380832536306
3,7799014314030206 33,78558544006901
3,5666221882990605 36,066518433298704
22,253129607789795 40,27090557200155
19,076357880138477 38,954170379661115
22,42674586078378 39,73721531337202
20,468436500142865 38,939816834510594
0,6790800411550739 33,932898887007376
5,486454858289477 34,285308048007565
20,134883049747245 37,93617478498852
2,668872940541386 34,46940735326135
2,4010825019086117 32,00434937734498
2,5255083667454623 34,321038742219585
21,836273546056066 39,73636350972811
22,47330596086835 37,04130393865964
3,094264711442266 35,07041109862976
0,8026157424106275 32,72784970964516
2,4650010951251815 35,951332692351194
1,5465578334512613 34,04477833778579
2,4652563740390567 36,17037479423721
23,254867678459114 39,82974450078531
2,4003967371026875 34,59165539477157
4,435668957705299 35,72839440424426
22,33595048194394 40,624716002244355
0,572148654186869 32,59605920964492
3,2593249190933826 32,112265972017816
21,083239272424112 36,62776797722365
20,195170855783253 37,01053831954108
22,015066012860082 38,498235958899855
3,320780093805462 34,162481472500744
23,164488811005516 41,14825390129872
2,460165203129592 31,43140907661088
24,50796893098766 39,3817923751848
22,000718982241168 40,28241164659656
20,646862754135665 40,427520693727196
2,5612182503761107 35,07879476768433
23,320987299833536 38,70213184083895
21,154552708975682 35,927644163303135
22,23937976328869 40,52141427430531
19,45172493543933 39,16212396598014
5,289675182085325 35,05823626881143
0,5733068780050847 32,77181020154995
23,723698450262006 39,4172647146642
24,173548285187728 40,33186212340074
1,6023404690908225 32,26555590857383
21,254179052764655 38,048114341902604
23,314255185661295 39,23248192056328
24,542785701019152 38,47908305415699
4,656048881049728 33,290655781815985
2,7412097915134908 36,911817913571966
23,429839908949564 39,45892056790365
3,2881611359943967 36,77754378646128
21,867892610343795 37,81932517650411
1,696885176326346 34,426378361663616
2,639573630983525 35,527037638484614
24,600898245532342 38,913307742538784
21,184193200763165 36,148650266501264
0,44333781806920136 32,94691975545653
23,780122714732887 38,854876030296865
20,473590375511982 39,41038229331334
20,484951992476702 37,250430958691155
2,256337682375613 34,79622742192509
23,74286643019491 38,875244507356804
4,131512364704192 32,35424375455315
19,333585885161433 39,093614246867844
2,2064626874953204 32,79175759443798
4,688776364089705 34,4141654433789
2,6017199790945815 36,59735860404403
2,774974306151046 31,959953408832238
3,4933578000865477 34,10684558160656
3,7071954832202394 33,2647098408469
0,9842843964986079 34,52181933069096
22,877262117904976 39,13497798171075
2,491642863972179 34,2401788371645
24,118120673370626 39,31798030651313
4,111390751164823 33,13102697990072
24,908387061465042 39,352323150677336
2,9111524005130804 34,380880231478265
2,355852990359856 33,1689584190135
1,2063260649761434 32,780389709104156
23,09888603345246 37,35729655368106
4,607753369021603 34,86895756382036
20,464808178608546 39,81062476855693
5,414944175600827 35,55576812885143
23,036500853727294 41,02274439479993
20,726061176544338 39,81373307924777
4,314910645663146 33,269635393904466
20,578703434956402 40,10451451486962
0,4771131024473787 32,75648273662983
23,037184089171735 41,22565127657136
22,745524767215233 38,67469268767205
23,544332717569244 38,129859275327064
23,6905670433879 40,83860508871614
1,6462223076720006 33,7556814494103
19,372496343532333 39,43140307560027
25,025254534317547 39,046084388645745
2,2691408124002455 33,5688346530936
4,971832645905314 33,339134698436375
20,87983553336238 38,4603506149295
22,01729029523166 40,38783628617987
3,2838097139090685 32,48310215179391
19,082024182990423 38,6552886912099
22,332169357120865 39,6547179625424
3,7660193575038403 33,34504076098324
20,499666296220514 38,413438233021836
21,41849958098417 37,00984570464109
1,1566052581095876 32,420858870563116
0,855120661537661 32,224931366966715
2,790514693046724 37,024814439271516
22,71137982134193 39,583342020572736
1,4378069027844051 33,96155326433032
22,478180017394152 40,88539016733212
24,016713711542366 40,12506481213527
22,484500451351277 39,927564931203555
5,337629818660465 34,95751685922731
20,72426984673329 38,123693602860264
4,6424094306274775 35,122472872796564
24,69379951604669 39,94380276403995
22,814682855140273 40,8024287445365
22,6778734639875 39,510860796626375
2,667724887997504 31,53008498371904
3,3671204156116654 32,3250111081702
21,03320358020766 36,48270810634811
0,8487508054082715 33,1663960217531
1,2966755327274775 33,902959469784896
23,57548628019576 39,200904473329786
3,0119547687151638 34,48836926025226
1,3706787911308498 32,01041285452945
24,700632244172308 39,948848660545444
1,7827969740127996 33,86412839918995
5,014638321166375 35,80384025917325
2,7754593371967617 36,051427717327506
22,40540347179769 38,88821011648128
22,69394380490533 39,92185890483894
4,434569581542119 34,09097357076909
2,5550955214161784 31,073426820344615
4,25943532521042 33,99249898399506
22,496971839989012 38,90072198084095
22,922250536781366 38,918174073868606
22,516179439749823 41,22632442362741
19,634226928008363 37,900410216262856
19,529742700868503 39,14143567321274
20,076862597282027 38,6553401477257
3,4343872265326176 32,12228305597779
19,9487315083915 37,61627922109638
3,1475372094720795 36,911863929695315
19,923453635290674 39,38155070338194
2,8498643153435355 35,45147555165265
23,8914756309416 39,53267485739706
23,873991193127576 37,95841499476202
1,2251703792144588 33,85176327858277
23,230234127225653 40,74170924919821
21,893505379727525 40,86135972350887
3,552851003973259 32,5366903829347
3,0846811054338237 34,71844788617373
21,570416836637865 39,800292624382465
1,7813476938052928 34,86563759770326
4,266707117073245 35,390880495953844
4,153114733012021 33,42042502167895
21,320065810231092 39,32001774631212
4,94258471767783 34,36456094865327
0,9675443780942348 33,99005065696257
20,62055338561415 39,04557720379543
22,3800947573025 40,085287433744824
1,7146140095667373 32,923122751188856
20,924363253570675 37,406677935290645
3,915108958730625 32,179416707108025
4,163699621855814 34,29317347802083
23,85662722382291 40,426770079375416
2,312628802969343 35,7371540126849
22,16217210565752 37,99157922937218
2,3360872528988903 31,386065067661903
22,477424864004522 39,582022640131726
2,5545807870026676 34,97851928622565
21,039256535490093 36,29498111759123
20,993278908719343 36,94421625464905
5,041245073408991 33,44573393137925
3,2821408616230645 36,38521974896048
24,19184722238225 39,406899701563496
22,344580753994297 41,76789081935995
21,105510713251046 38,35263685341653
23,587120947290536 39,60462868746385
1,756148178388095 34,0065347437454
22,425776741711537 40,5916147673627
4,658434697253561 34,17238153411029
4,128930230215945 33,874689358239806
4,13477791130505 33,348074214297675
2,6849428534874495 35,91897879956594
21,7109097689529 40,69452121370021
21,683706831860444 38,623046759234875
23,508031777971595 40,25785375528057
2,704915084495653 36,08255520161336
23,55456430498799 41,32153451556602
21,63542695395237 36,85324863623966
2,1778788609036743 35,688543580663406
2,488811702268524 31,531573760574226
1,1721794035548319 32,1826424060404
21,309815389013323 36,17547603559375
3,051542792595021 32,03633436141308
5,328381274345862 34,5529195461106
3,2003829184479313 32,30409164912128
0,3637966833257056 33,13112196659405
21,407158255360084 38,97780003725584
0,4451933333481577 33,140402667680654
22,670612215667823 41,353794411480315
22,708143406581005 41,05120462837829
4,321193282126881 33,81820174821321
0,5778842358665379 33,23620653205651
3,0462912796682775 32,56291503771897
3,4672663164883764 35,27633710685228
24,134877558470144 39,69505491137818
3,689297793618498 33,0306841642797
21,942129734073788 36,72112063908992
22,972369591662517 38,67803627373966
20,705089009006034 36,78519676771696
3,0121155039999805 33,263838653066884
